30.9
30.2
31.8
31.6
29.5
27.5
28.3
29.0
31.3
32.6
34.1
35.1
34.9
31.7
31.2
29.4
29.3
30.0
28.1
27.5
27.1
28.9
29.2
30.0
33.7
34.6
34.9
31.2
30.1
28.9
29.4
29.5
28.7
29.3
29.5
28.6
28.9
32.0
37.1
36.4
35.9
33.1
30.7
29.5
29.8
30.4
29.4
28.7
28.0
28.7
30.1
32.7
39.3
38.1
36.4
34.1
29.7
29.3
28.8
29.1
29.0
27.0
28.0
28.4
29.2
31.1
34.5
35.0
34.0
32.9
29.4
29.5
29.5
30.0
30.2
30.0
28.8
28.8
29.0
30.4
35.7
34.3
34.5
32.6
32.2
31.9
29.7
30.4
30.9
29.3
28.7
29.2
29.9
34.6
36.6
35.7
34.6
29.7
30.5
30.2
29.8