21.3
16.2
18.2
16.0
19.5
16.9
19.8
17.0
19.6
19.0
20.7
20.5
20.4
21.0
20.2
19.4
18.2
18.2
19.1
18.0
16.3
18.0
16.8
19.0
19.3
22.6
22.8
18.8
20.4
18.7
19.6
16.1
15.5
16.5
17.7
17.5
18.6
18.0
20.5
25.6
23.7
21.1
19.7
17.8
18.7
17.7
17.5
19.6
18.8
18.5
16.2
18.4
25.2
20.8
24.1
20.7
18.9
18.7
18.8
17.3
16.6
16.8
16.1
19.1
18.4
19.9
21.1
19.7
19.1
20.0
18.8
17.3
19.8
18.4
17.6
17.0
15.8
17.0
16.0
20.7
24.6
18.1
20.8
21.4
19.0
19.3
17.5
18.5
17.9
17.8
16.2
18.4
18.6
21.4
22.2
23.7
24.8
18.0
19.2
18.6
17.1
