27.7
26.3
28.2
27.3
26.3
23.6
25.0
23.6
26.4
29.4
29.2
30.3
32.4
27.5
28.0
25.9
24.6
25.9
25.0
22.5
22.5
23.4
24.5
26.3
30.4
31.4
31.7
26.3
27.0
25.1
25.9
25.4
25.3
24.1
23.4
25.2
25.4
28.5
34.1
33.2
32.1
28.0
25.1
26.1
25.6
25.6
25.6
25.2
23.3
24.0
24.3
28.1
36.5
31.9
32.5
29.7
25.9
25.8
24.4
24.3
24.2
21.9
23.8
24.9
23.9
26.6
29.9
30.3
30.4
29.1
23.9
23.9
26.0
26.4
25.2
25.6
24.9
23.5
24.3
26.0
32.2
28.8
28.6
27.9
29.2
28.7
25.6
25.4
26.1
25.3
24.9
26.5
25.5
28.8
32.9
31.1
32.3
24.8
25.8
25.4
24.0